
SG        61        36.7      34.4      9.9       22.7      43.5      4.4       12.6      35.2      10.1      11.8      86.1      6.4       7.4       1.7       0.9       4.5       19        4         28.39     
SG        57        36.0      30.5      10.4      22.9      45.5      3.0       8.4       35.3      6.8       8.0       84.2      4.2       6.1       1.2       0.4       3.4       8         0         23.19     
PF        57        30.9      29.6      10.9      20.0      54.7      1.5       4.8       30.6      6.3       10.0      63.3      13.7      5.8       1.0       1.0       3.7       52        4         31.71     
PG        60        35.3      29.6      9.1       20.8      43.7      3.4       9.5       36.1      8.0       9.3       86.0      4.3       9.3       1.1       0.1       4.8       28        2         23.98     
PG        58        36.9      28.9      9.2       20.0      45.7      3.9       9.9       39.4      6.7       7.6       88.8      4.3       7.8       1.0       0.4       2.9       16        1         26.25     
SG        54        33.3      28.7      9.5       20.6      46.1      2.9       9.1       31.8      6.8       9.1       75.2      9.3       8.7       1.1       0.2       4.2       34        14        27.75     
PG        53        35.9      27.5      10.7      22.6      47.4      1.0       3.8       25.4      5.1       6.5       77.7      8.0       7.0       1.7       0.3       4.5       21        8         21.59     
SF        51        32.2      26.9      9.3       19.9      46.8      2.1       5.7       36.6      6.1       6.9       88.9      7.3       5.0       1.8       0.6       2.7       13        1         26.76     
PF        55        34.3      26.7      9.2       18.1      51.1      1.2       3.5       33.5      7.0       8.3       84.5      9.4       3.1       1.5       2.4       2.5       27        0         28.25     
SG        62        36.1      26.1      8.8       18.0      48.7      2.0       5.6       36.0      6.5       7.1       91.6      4.2       6.6       0.7       0.3       3.9       10        0         19.89     
SF        60        34.9      25.7      9.8       19.6      49.8      2.2       6.4       34.9      4.0       5.7       69.7      7.9       10.6      1.2       0.5       4.0       42        13        26.08     
PG        60        34.8      25.5      9.0       20.0      45.0      3.1       8.1       38.0      4.5       5.6       80.2      4.8       4.2       1.5       0.5       3.4       2         0         19.55     
SF        56        34.3      24.3      8.4       18.0      46.6      2.4       6.3       38.7      5.1       5.9       85.8      6.3       4.3       1.0       0.7       3.1       9         0         19.25     
SG        63        34.4      24.2      8.9       19.6      45.3      2.5       6.8       36.4      4.0       4.6       85.9      4.4       4.2       1.0       0.2       2.7       1         0         19.13     
PF        53        35.5      23.6      8.7       18.9      45.9      2.2       6.0       35.9      4.2       5.2       80.0      7.5       3.6       1.0       0.9       2.5       12        0         18.76     
PF        59        34.6      23.6      8.5       18.9      44.8      2.8       7.1       39.8      3.8       4.7       80.6      7.1       2.9       1.4       0.9       2.2       10        0         20.41     
SG        62        36.0      22.5      8.9       19.5      45.3      2.8       7.4       38.0      2.0       2.6       75.0      4.1       4.3       0.7       0.6       1.9       4         0         17.45     
SF        61        34.3      22.2      8.2       15.7      52.6      0.1       0.5       26.7      5.5       6.6       84.3      5.6       5.6       1.0       0.2       2.4       6         0         21.40     
SF        54        34.4      21.8      8.1       18.1      44.7      2.1       6.2       33.2      3.5       5.0       70.9      5.1       3.7       0.8       1.0       2.4       4         1         16.46     
PG        50        31.8      21.2      7.0       16.6      42.1      3.3       8.8       37.7      3.9       4.5       86.7      4.1       4.9       0.9       0.5       2.1       2         0         20.29     
SF        55        30.1      21.1      7.7       15.5      49.9      2.4       5.8       41.8      3.2       3.6       90.8      6.2       4.1       0.9       0.1       2.1       5         0         21.50     
PG        65        33.0      20.8      7.9       16.7      47.2      1.5       3.9       38.0      3.5       4.1       84.6      3.1       3.0       1.0       0.1       2.4       0         0         16.41     
PG        64        31.2      20.6      6.6       16.0      41.5      1.9       6.3       30.8      5.4       7.0       77.8      3.5       6.8       0.6       0.3       2.7       9         0         18.00     
PG        45        31.7      20.4      7.3       15.4      47.5      1.0       3.4       30.7      4.8       6.8       70.3      4.0       6.8       1.4       0.5       3.1       8         0         20.40     
SG        50        34.0      20.4      7.6       15.4      49.0      2.1       5.6       38.1      3.2       4.3       73.6      6.4       2.2       1.1       0.3       2.3       6         0         17.15     
SF        54        34.3      20.2      6.1       13.4      45.4      0.5       2.2       24.8      7.6       9.1       83.3      6.6       6.1       1.7       0.5       2.2       10        3         23.41     
SF        63        33.1      20.2      6.6       14.8      44.7      3.0       7.3       41.4      4.0       4.4       90.3      4.1       2.1       0.5       0.1       2.5       0         0         15.77     
C         65        32.3      20.2      7.9       14.9      52.8      1.1       3.5       31.4      3.4       4.1       81.3      10.2      6.9       1.2       0.7       3.1       39        12        25.08     
SG        64        32.0      19.8      7.1       16.6      42.9      3.8       9.7       39.5      1.8       2.0       85.5      4.8       3.1       0.9       0.3       2.3       2         0         16.37     
PG        52        36.6      19.7      5.9       14.3      41.7      2.9       8.3       35.4      4.9       5.7       86.1      4.8       7.7       1.3       0.4       3.0       14        2         17.94     
SG        55        34.9      19.6      7.7       16.9      45.2      2.1       5.9       35.7      2.2       3.1       70.0      4.9       6.9       1.7       0.8       2.9       10        1         17.61     
PF        64        32.5      19.5      7.2       15.7      46.0      1.0       3.6       27.7      4.0       5.5       73.3      9.7       3.1       0.8       0.3       3.0       30        0         17.57     
C         54        32.6      19.5      7.9       16.9      47.0      1.5       4.6       32.9      2.1       2.7       78.1      11.0      3.7       0.9       0.9       1.4       36        0         21.70     
SF        65        34.5      19.4      7.6       16.1      47.2      1.8       5.0       36.2      2.4       2.9       80.6      6.8       3.2       0.8       0.5       1.5       10        0         16.83     
SG        63        35.1      19.3      7.0       14.8      47.3      1.2       3.5       35.1      4.0       5.0       80.1      6.1       3.3       1.1       0.7       1.9       9         1         17.90     
PF        51        31.3      19.2      6.6       15.8      42.0      2.5       7.1       34.9      3.5       4.5       77.6      9.5       1.7       0.7       2.1       1.6       23        0         19.40     
PF        55        30.7      19.2      6.0       13.6      43.9      3.0       7.3       40.9      4.3       4.8       88.6      5.5       2.1       0.7       0.1       1.3       3         0         19.47     
PG        63        31.0      19.0      7.0       15.0      46.8      1.9       5.1       38.1      3.1       3.7       83.9      3.7       4.1       0.7       0.2       2.5       0         0         16.86     
PF        53        33.1      18.9      7.4       15.0      49.3      1.2       3.0       38.9      3.0       3.6       82.7      7.4       2.4       0.7       1.6       1.4       14        0         19.89     
SG        61        31.7      18.8      6.7       14.2      47.0      2.7       6.7       40.6      2.8       3.4       82.0      2.6       3.2       1.1       0.2       2.0       0         0         16.76     
PG        55        32.8      18.8      7.0       15.4      45.5      1.9       5.5       34.5      2.9       3.2       89.3      3.9       4.8       1.2       0.3       2.3       2         0         17.59     
SF        61        32.5      18.7      7.5       14.2      52.9      1.1       3.0       37.5      2.5       3.0       81.2      4.0       1.4       1.1       0.4       1.3       0         0         17.31     
SF        56        34.5      18.7      6.7       14.8      45.2      1.9       5.5       35.2      3.4       4.4       78.0      6.4       1.5       1.3       0.7       1.5       9         0         14.98     
SG        60        29.3      18.7      6.1       14.7      41.6      1.8       4.9       36.3      4.6       5.4       86.3      3.1       5.7       0.7       0.2       2.9       2         0         17.24     
PF        63        27.8      18.6      7.5       12.9      58.0      0.0       0.3       0.0       3.7       5.6       65.8      7.1       1.7       0.6       1.1       1.7       12        0         23.17     
PF        62        34.8      18.5      7.4       13.7      54.0      0.3       1.1       25.4      3.5       4.8       72.3      12.4      5.0       0.8       0.5       2.7       50        4         20.80     
PG        63        35.1      18.2      5.8       15.3      38.2      3.5       9.3       37.3      3.0       3.7       82.0      3.4       7.5       1.0       0.2       2.9       17        0         15.84     
PG        50        26.0      18.1      7.4       15.1      49.0      0.9       2.9       30.6      2.4       2.8       87.1      2.4       5.6       0.8       0.3       2.5       4         0         21.15     
PG        63        34.3      18.0      6.3       14.9      42.3      2.7       6.7       40.7      2.6       3.0       87.4      4.4       4.1       1.0       0.2       2.2       2         0         14.93     
C         57        33.0      17.7      7.3       13.8      53.3      0.1       0.6       14.3      3.0       5.2       57.5      15.2      2.7       1.9       1.6       3.6       47        0         22.08     
